File name: /mnt/hgfs/code_indoor_location/utest/utest_geoTransform/sample/bun000_small.pcd
point number: 1277
simulation times: 10
time 0:
setting: 90,75,340,-5.06087,-94.66,87.8012
rotateMat
   0.24321   0.907673   -0.34202   -5.06087
-0.0885213  -0.330366  -0.939693     -94.66
 -0.965926   0.258819          0    87.8012
         0          0          0          1
dis: 129.333
method 1: SVD
estimated: 90.0004,-105,-160,4.96623,94.8197,-87.8151
rotateMat
   0.243209  -0.0885229   -0.965926     77.6607
   0.907673   -0.330367    0.258818    -49.4035
  -0.342021   -0.939692 1.74019e-06    -90.6824
          0           0           0           1
dis: 2.86996e-06
method 2: DQ
estimated: 89.0721,-105.02,-160.768,4.96623,94.8197,-87.8151
rotateMat
   0.244691  -0.0853617   -0.965836     77.9597
   0.906484   -0.333382    0.259119    -49.7215
  -0.344111   -0.938919 -0.00419664    -90.2507
          0           0           0           1
dis: 0.000201878
method 3: LM
estimated: 164.282,-173.679,133.841,-57.3598,61.5519,-11.4348
rotateMat
 0.688445  0.716882 -0.110105   18.6632
-0.673637   0.68827  0.269254   5.00715
 0.268806 -0.111195  0.956754  -16.8267
        0         0         0         1
dis: 104.044
time 1:
setting: 100,75,120,34.5366,-51.5383,27.3371
rotateMat
  -0.12941  -0.325242   0.936734    34.5366
  0.224144   0.910632   0.347144   -51.5383
 -0.965926   0.254887 -0.0449435    27.3371
         0          0          0          1
dis: 67.8179
method 1: SVD
estimated: 80.0002,-105,60.0003,-34.5672,51.5403,-27.349
rotateMat
 -0.129408   0.224144  -0.965926    42.4269
 -0.325241   0.910632   0.254886    51.1973
  0.936735   0.347143 -0.0449424   -13.2318
         0          0          0          1
dis: 1.54717e-06
method 2: DQ
estimated: 79.9417,-105.022,59.9154,-34.5672,51.5403,-27.349
rotateMat
-0.129927  0.224275 -0.965826   42.4489
-0.325584   0.91042  0.255208   51.1894
 0.936544  0.347616 -0.045268   -13.192
        0         0         0         1
dis: 2.65083e-05
method 3: LM
estimated: 127.461,-152.659,-122.679,6.6822,93.1894,2.85618
rotateMat
 0.479609 -0.747684 -0.459285  -1.22891
 0.708789 0.0215377  0.705092 -0.937885
-0.517294 -0.663705   0.54028 -0.829745
        0         0         0         1
dis: 65.9433
time 2:
setting: 215,135,60,-68.1119,-11.2487,-6.18002
rotateMat
-0.353553  0.506617 -0.786346  -68.1119
-0.612372 -0.760818 -0.214838  -11.2487
-0.707107   0.40558  0.579228  -6.18002
        0         0         0         1
dis: 69.2792
method 1: SVD
estimated: 145,-135,-60.0001,68.0567,11.4108,6.13792
rotateMat
-0.353552 -0.612372 -0.707107  -35.3395
 0.506617 -0.760818   0.40558   28.4549
-0.786346 -0.214839  0.579227  -52.3966
        0         0         0         1
dis: 1.94983e-06
method 2: DQ
estimated: 144.971,-134.947,-60.0742,68.0567,11.4108,6.13792
rotateMat
-0.352434 -0.612264 -0.707759  -35.2661
 0.507015 -0.760595    0.4055   28.4841
-0.786591 -0.215933  0.578487  -52.4302
        0         0         0         1
dis: 5.0432e-05
method 3: LM
estimated: 36.7107,-158.225,-119.116,50.0593,51.4329,52.4072
rotateMat
  0.451855  -0.811302  -0.370967    1.29741
 -0.592465  -0.583802   0.555122   -3.43548
 -0.666942 -0.0310501  -0.744462    -3.9961
         0          0          0          1
dis: 63.7693
time 3:
setting: 35,95,160,-47.9615,-58.4323,-3.76065
rotateMat
 0.0818996  -0.817101  -0.570647   -47.9615
 -0.029809  -0.574323   0.818086   -58.4323
 -0.996195 -0.0499905 -0.0713938   -3.76065
         0          0          0          1
dis: 75.832
method 1: SVD
estimated: 145,-85,20.0001,48.0374,58.5544,3.77838
rotateMat
 0.0818998 -0.0298093  -0.996195   -1.56013
 -0.817101  -0.574323 -0.0499905   -72.9364
 -0.570647   0.818086 -0.0713942     20.165
         0          0          0          1
dis: 1.45529e-06
method 2: DQ
estimated: 144.656,-84.9906,19.6596,48.0374,58.5544,3.77838
rotateMat
 0.0822296 -0.0293771   -0.99618   -1.51896
 -0.817112  -0.574262 -0.0505136   -72.9353
 -0.570585   0.818144 -0.0712257    20.1721
         0          0          0          1
dis: 2.78798e-05
method 3: LM
estimated: 108.356,174.803,175.674,0.750065,42.9211,51.0777
rotateMat
 0.993052 0.0751244 0.0905725   5.14674
-0.109475  0.307544  0.945215  0.717663
0.0431537 -0.948564  0.313631   -4.8681
        0         0         0         1
dis: 68.6857
time 4:
setting: 55,345,125,27.4255,17.7275,82.8097
rotateMat
-0.554032 -0.348241  0.756159   27.4255
  0.79124  -0.50266  0.348241   17.7275
 0.258819   0.79124  0.554032   82.8097
        0         0         0         1
dis: 89.0462
method 1: SVD
estimated: 125,165,55,-27.4583,-17.5748,-82.8636
rotateMat
-0.554032   0.79124   0.25882  -20.2649
-0.348241 -0.502661  0.791239  -47.0607
 0.756159   0.34824  0.554033  -72.7908
        0         0         0         1
dis: 2.15326e-06
method 2: DQ
estimated: 124.75,164.87,55.1201,-27.4583,-17.5748,-82.8636
rotateMat
-0.552035  0.791914  0.261014  -20.5135
-0.344951 -0.501889  0.793168  -47.3245
 0.759122   0.34782  0.550232  -72.5495
        0         0         0         1
dis: 0.000142632
method 3: LM
estimated: 122.85,148.215,-179.846,37.3866,37.6945,-67.9535
rotateMat
    0.85003 -0.00228377     0.52673    -2.12442
  -0.441042    0.543632    0.714105    -1.34063
  -0.287978    -0.83932    0.461097   -0.546844
          0           0           0           1
dis: 86.4978
time 5:
setting: 40,320,255,-69.6296,-90.5739,-79.4628
rotateMat
-0.198267   0.84688 -0.493442  -69.6296
-0.739942   0.20083  0.641991  -90.5739
 0.642788  0.492404  0.586824  -79.4628
        0         0         0         1
dis: 139.129
method 1: SVD
estimated: 140,140,-75,69.535,90.6094,79.4463
rotateMat
-0.198267 -0.739942  0.642787   -29.747
  0.84688   0.20083  0.492405   116.286
-0.493442  0.641991  0.586824   70.4201
        0         0         0         1
dis: 3.67538e-06
method 2: DQ
estimated: 140.498,139.902,-75.0219,69.535,90.6094,79.4463
rotateMat
-0.197699 -0.738952    0.6441  -29.5136
  0.85128  0.196372  0.486581   115.726
-0.486043  0.644506  0.590232   71.4331
        0         0         0         1
dis: 0.000323282
method 3: LM
estimated: 59.0551,-40.5183,-37.8375,38.5761,186.067,-10.0983
rotateMat
  0.60037  0.466325  -0.64969   1.39368
-0.755493 0.0642928 -0.651994  -2.95473
-0.262271  0.882274  0.390905   3.14647
        0         0         0         1
dis: 134.495
time 6:
setting: 65,210,60,-96.6393,-29.8246,-41.3109
rotateMat
-0.433013 -0.592575  0.679231  -96.6393
    -0.75 -0.181134 -0.636153  -29.8246
      0.5 -0.784886 -0.365998  -41.3109
        0         0         0         1
dis: 109.33
method 1: SVD
estimated: 115,30,120,96.636,29.9423,41.448
rotateMat
-0.433011 -0.750001  0.499999   -43.559
-0.592574 -0.181134 -0.784886  -95.0926
 0.679232 -0.636151 -0.365998   31.5479
        0         0         0         1
dis: 2.35644e-06
method 2: DQ
estimated: 115.04,30.0578,119.957,96.636,29.9423,41.448
rotateMat
-0.432203 -0.749884  0.500874  -43.4411
 -0.59331 -0.181817 -0.784172  -95.1544
 0.679106 -0.636095 -0.366331   31.5235
        0         0         0         1
dis: 6.16126e-05
method 3: LM
estimated: 29.6449,-54.8353,-30.5016,74.5409,100.319,-35.7322
rotateMat
 0.496229   0.29232   -0.8175    0.7156
-0.789524  0.543602 -0.284867   -1.4161
 0.361122  0.786795  0.500544   1.97319
        0         0         0         1
dis: 106.761
time 7:
setting: 155,140,45,20.7635,87.0232,-33.7615
rotateMat
-0.541675  0.832945 -0.113098   20.7635
-0.541675 -0.448768 -0.710771   87.0232
-0.642788 -0.323744  0.694272  -33.7615
        0         0         0         1
dis: 95.5209
method 1: SVD
estimated: 25.0001,-40.0001,135,-20.879,-86.8718,33.7874
rotateMat
-0.541675 -0.541673 -0.642789   36.6837
 0.832945 -0.448767 -0.323745   10.8282
-0.113098 -0.710773   0.69427   87.6417
        0         0         0         1
dis: 2.31944e-06
method 2: DQ
estimated: 25.0951,-40.0385,135.009,-20.879,-86.8718,33.7874
rotateMat
-0.541455 -0.541284 -0.643302   36.6279
 0.833215 -0.447566 -0.324713   10.6854
-0.112159 -0.711826  0.693342   87.6824
        0         0         0         1
dis: 5.25923e-05
method 3: LM
estimated: 163.092,154.386,143.99,23.9834,-49.7419,-38.0381
rotateMat
 0.729423  0.530143  0.432308   -1.8886
-0.664212  0.700033  0.262252 -0.951625
-0.163599 -0.478436  0.862748   2.34991
        0         0         0         1
dis: 92.4671
time 8:
setting: 55,30,275,-12.4299,26.0366,-6.40716
rotateMat
0.0754791  0.607091  -0.79104  -12.4299
 -0.86273 -0.358027 -0.357091   26.0366
     -0.5  0.709406  0.496732  -6.40716
        0         0         0         1
dis: 29.4106
method 1: SVD
estimated: 125,-150,-95,12.376,-25.9146,6.34392
rotateMat
0.0754789  -0.86273      -0.5   20.1972
 0.607091 -0.358027  0.709407   21.4132
 -0.79104  -0.35709  0.496732   2.64751
        0         0         0         1
dis: 5.77135e-07
method 2: DQ
estimated: 125,-149.999,-95.0003,12.376,-25.9146,6.34392
rotateMat
0.0754829 -0.862724  -0.50001    20.197
 0.607098 -0.358029  0.709399   21.4133
-0.791033 -0.357103  0.496733   2.64791
        0         0         0         1
dis: 7.64746e-07
method 3: LM
estimated: 4.12329,60.18,45.8482,-3.08939,-19.9288,23.9328
rotateMat
  0.346384  -0.356795   0.867592    3.55854
  0.759093   0.649999 -0.0357556    -1.6366
 -0.551177   0.670968    0.49599   -3.53468
         0          0          0          1
dis: 24.174
time 9:
setting: 115,215,105,48.7196,-15.4944,44.048
rotateMat
 0.212012  0.542762  0.812687   48.7196
 -0.79124 -0.392742  0.468714  -15.4944
 0.573576 -0.742404  0.346189    44.048
        0         0         0         1
dis: 67.507
method 1: SVD
estimated: 65,35,75,-48.821,15.5921,-43.9385
rotateMat
 0.212012  -0.79124  0.573576  -47.8539
 0.542761 -0.392742 -0.742404  0.172974
 0.812687  0.468714  0.346189  -47.5803
        0         0         0         1
dis: 1.50272e-06
method 2: DQ
estimated: 64.9802,34.9848,75.0646,-48.821,15.5921,-43.9385
rotateMat
 0.211159 -0.791626  0.573359  -47.8087
 0.542549 -0.393001 -0.742422  0.180124
 0.813052  0.467844  0.346509  -47.6256
        0         0         0         1
dis: 3.36979e-05
method 3: LM
estimated: 110.585,-114.691,-172.622,-66.9685,70.3853,-13.7895
rotateMat
  0.414262 -0.0536414  -0.908575   0.735494
  0.888671   0.239467   0.391049   -1.95891
  0.196597  -0.969422   0.146872  -0.888795
         0          0          0          1
dis: 65.1198
