File name: D:\code_indoor_location\utest\utest_geoTransform\sample\bun000_small.pcd
point number: 1277
simulation times: 10
time 0:
setting: 280,320,360,23.5044,-20.2261,-55.5
rotateMat
    0.766044     0.633022    -0.111619      23.5044
-2.22045e-16     0.173648     0.984808     -20.2261
    0.642788    -0.754407     0.133022        -55.5
           0            0            0            1
dis: 63.7175
method 1: SVD
estimated: 80,40,5.82656e-06,-23.5674,20.2708,55.62
rotateMat
    0.766045 -7.79011e-08     0.642787      17.6693
    0.633022     0.173649    -0.754407     -53.2361
   -0.111619     0.984808     0.133023      29.9251
           0            0            0            1
dis: 1.24018e-06
method 2: DQ
estimated: 80.0058,39.9951,0.0043737,-23.5674,20.2708,55.62
rotateMat
      0.7661 -5.84806e-05     0.642722      17.6632
    0.632982     0.173501    -0.754474     -53.2419
   -0.111469     0.984834     0.132956      29.9184
           0            0            0            1
dis: 6.80598e-06
method 3: LM
